80 107
 
0 -6658107 4325568
1 -6658405 4325197
2 -6658188 4325548
3 -6658066 4325571
4 -6658270 4325458
5 -6658264 4325447
6 -6658360 4325353
7 -6658373 4325308
8 -6658370 4325288
9 -6658373 4325263
10 -6658358 4325246
11 -6658333 4325249
12 -6658242 4325256
13 -6658357 4325205
14 -6658423 4325157
15 -6658489 4325149
16 -6658335 4325166
17 -6658365 4325113
18 -6658418 4325122
19 -6658439 4325137
20 -6658467 4325099
21 -6658477 4325114
22 -6658482 4325076
23 -6658552 4325063
24 -6658418 4325074
25 -6658339 4325081
26 -6658519 4325026
27 -6658299 4325093
28 -6658417 4325329
29 -6658579 4324986
30 -6658601 4324988
31 -6658635 4324968
32 -6658592 4325036
33 -6658664 4325051
34 -6658667 4324934
35 -6658757 4324923
36 -6658558 4324970
37 -6658518 4324974
38 -6658457 4324983
39 -6658420 4324981
40 -6658556 4324925
41 -6658447 4324939
42 -6658335 4325033
43 -6658401 4324944
44 -6658402 4324854
45 -6658660 4324914
46 -6658479 4324835
47 -6658468 4324882
48 -6658587 4324823
49 -6658629 4324820
50 -6658589 4324853
51 -6658663 4324817
52 -6658648 4324897
53 -6658613 4324921
54 -6658661 4324854
55 -6658696 4324806
56 -6658737 324807
57 -6658708 4324776
58 -6658809 4324803
59 -6658850 4324793
60 -6658850 4324781
61 -6658866 4324756
62 -6658641 4324777
63 -6658648 4324732
64 -6658730 4324705
65 -6658653 4324716
66 -6658818 4324694
67 -6658561 4324724
68 -6658789 4324685
69 -6658867 4324671
70 -6658945 4324680
71 -6658426 4325238
72 -6658340 4325341
73 -6658356 4325133
74 -6658314 4325138
75 -6658295 4325155
76 -6658275 4325183
77 -6658356 4325133
78 -6658168 4325276
79 -6658204 4325185

0 3
0 2
2 4
2 5
3 77
4 5
5 7
5 4
7 6
7 72
7 28
7 8
8 9
8 71
9 71
71 10
71 15
10 11
10 1
10 13
11 13
11 1
11 12
12 16
13 1
13 14
13 18
13 16
14 18
14 19
14 16
14 15
19 21
19 20
16 18
16 17
15 23
18 20
18 24
20 22
20 21
22 23
22 26
22 34
22 24
23 33
23 32
23 30
32 31
17 25
25 27
25 24
32 31
32 33
31 30
31 34
34 45
34 35
45 53
45 56
26 29
26 36
36 29
36 38
36 37
38 39
39 41
37 40
40 53
40 43
43 41
43 46
46 48
46 44
46 47
45 56
56 51
49 50 
49 48
48 46
49 62
51 62
51 56
55 56
56 58
56 66
59 61
61 70
70 66
70 69
69 68
66 64
66 68
66 69
64 62
64 65
65 63
65 62
65 67
77 78
78 79
73 74
73 16
73 17
74 75
75 76
79 27